99,37
99,36
47,2
99,35
0,273
0,270
10,103
10,11
10,187
10,107
10,129
10,19
9,2
9,3
8,13
8,9
8,6
8,16
8,17
2,2
2,1
2,3
48,4
48,3
48,2
48,1
47,3
47,1
46,3
46,2
46,1
45,5
45,3
45,1
44,4
44,3
44,1
42,5
42,4
42,3
42,2
42,1
39,3
39,1
37,3
37,1
35,3
35,1
33,3
33,1
28,3
28,1
25,3
25,1
21,3
21,2
21,1
21,0
20,3
20,2
20,1
19,3
19,2
19,1
18,3
18,1
17,3
17,2
17,1
16,3
16,2
16,1
15,3
15,2
15,1
14,3
14,2
14,1
13,3
13,2
13,1
12,3
12,2
12,1
11,29
11,28
11,27
11,26
11,25
11,24
11,23
11,21
11,19
11,17
11,15
11,13
11,11
11,9
11,7
11,5
11,3
11,2
11,1
10,305
10,299
10,269
10,267
10,259
