42,2
42,4
44,4
42,5
44,1
44,3
42,1
42,3
48,2
48,4
48,1
48,3
45,5
45,1
45,3
0,273
0,270
47,1
47,3
25,1
25,3
10,7
10,93
10,101
10,121
10,153
10,295
10,157
10,191
11,7
11,27
11,21
11,11
11,19
11,5
11,15
9,5
8,12
8,9
8,11
8,8
21,3
21,2
21,1
21,0
20,3
20,2
20,1
19,3
19,2
19,1
18,3
18,1
12,3
12,2
12,1
11,26
11,24
11,22
11,18
11,16
11,14
11,10
11,3
11,2
11,1
10,306
10,228
10,220
10,176
10,106
10,92
10,20
10,3
10,2
10,1
9,7
9,6
9,4
9,3
9,2
9,1
8,16
8,15
8,14
8,13
8,7
8,4
8,3
8,2
8,1
7,13
7,12
7,11
7,10
7,9
7,8
7,7
7,6
7,5
7,4
7,1
6,7
6,6
6,5
6,4
6,1
4,88
4,87
4,86
4,85
4,84
4,83
4,82
